# Game Level Exporter v1.0
LIGHT
Sun
<Matrix 4x4 (-0.4386,  0.0000, -0.8987, 0.0000)
            ( 0.8480, -0.3312, -0.4138, 0.0000)
            (-0.2976, -0.9436,  0.1452, 0.0000)
            ( 0.0000,  2.0200,  0.0000, 1.0000)>
MESH
House_1
<Matrix 4x4 ( 0.9951, 0.0000,  0.0991, 0.0000)
            ( 0.0000, 1.0000, -0.0000, 0.0000)
            (-0.0991, 0.0000,  0.9951, 0.0000)
            (-0.1883, 0.0000,  2.6888, 1.0000)>
MESH
Bell_Tower
<Matrix 4x4 ( 0.9048,  0.0000,  0.4258, 0.0000)
            ( 0.0000,  1.0000, -0.0000, 0.0000)
            (-0.4258,  0.0000,  0.9048, 0.0000)
            ( 2.0219, -0.0000,  4.1630, 1.0000)>
MESH
Bench_1.001
<Matrix 4x4 (-0.1444, 0.0000, -0.9895, 0.0000)
            (-0.0000, 1.0000,  0.0000, 0.0000)
            ( 0.9895, 0.0000, -0.1444, 0.0000)
            (-4.7316, 0.0000,  1.7891, 1.0000)>
MESH
Gazebo
<Matrix 4x4 (-0.9987, 0.0000,  0.0515, 0.0000)
            ( 0.0000, 1.0000,  0.0000, 0.0000)
            (-0.0515, 0.0000, -0.9987, 0.0000)
            (-4.5111, 0.0000,  1.8328, 1.0000)>
MESH
Hay
<Matrix 4x4 ( 1.9965, 0.0000,  0.0000, 0.0000)
            ( 0.0000, 1.9965, -0.0000, 0.0000)
            ( 0.0000, 0.0000,  1.9965, 0.0000)
            (-0.9307, 0.0000, -6.7780, 1.0000)>
MESH
Hay.001
<Matrix 4x4 ( 3.0101,  0.0000,  0.0000, 0.0000)
            ( 0.0000,  3.0101, -0.0000, 0.0000)
            ( 0.0000,  0.0000,  3.0101, 0.0000)
            (-1.5039, -0.0000, -6.2432, 1.0000)>
MESH
Hay.002
<Matrix 4x4 ( 2.1684,  0.0000,  0.0000, 0.0000)
            ( 0.0000,  2.1684, -0.0000, 0.0000)
            ( 0.0000,  0.0000,  2.1684, 0.0000)
            (-1.0435, -0.0000, -6.0258, 1.0000)>
MESH
Blacksmith
<Matrix 4x4 (-0.4521,  0.0000,  0.8920, 0.0000)
            ( 0.0000,  1.0000,  0.0000, 0.0000)
            (-0.8920,  0.0000, -0.4521, 0.0000)
            (-2.2175, -0.0000, -3.1277, 1.0000)>
MESH
Bonfire
<Matrix 4x4 ( 1.0000, 0.0000,  0.0000, 0.0000)
            ( 0.0000, 1.0000, -0.0000, 0.0000)
            ( 0.0000, 0.0000,  1.0000, 0.0000)
            (-2.9587, 0.0531,  1.9217, 1.0000)>
MESH
Fence
<Matrix 4x4 ( 0.5234,  0.0000, -0.8521, 0.0000)
            (-0.0000,  1.0000, -0.0000, 0.0000)
            ( 0.8521,  0.0000,  0.5234, 0.0000)
            (-2.2328, -0.0000, -5.8503, 1.0000)>
MESH
Fence.001
<Matrix 4x4 ( 0.7127,  0.0000, -0.7015, 0.0000)
            (-0.0000,  1.0000, -0.0000, 0.0000)
            ( 0.7015,  0.0000,  0.7127, 0.0000)
            (-1.6937, -0.0000, -6.5150, 1.0000)>
MESH
Fence.002
<Matrix 4x4 ( 0.8863,  0.0000, -0.4631, 0.0000)
            (-0.0000,  1.0000, -0.0000, 0.0000)
            ( 0.4631,  0.0000,  0.8863, 0.0000)
            (-1.0584, -0.0000, -6.9956, 1.0000)>
MESH
Hay.003
<Matrix 4x4 ( 2.5495,  0.0000,  0.0000, 0.0000)
            ( 0.0000,  2.5495, -0.0000, 0.0000)
            ( 0.0000,  0.0000,  2.5495, 0.0000)
            (-1.1574, -0.0000, -6.5517, 1.0000)>
MESH
Hay.004
<Matrix 4x4 ( 2.4859,  0.0000,  0.5661, 0.0000)
            ( 0.5661, -0.0000, -2.4859, 0.0000)
            ( 0.0000,  2.5495, -0.0000, 0.0000)
            (-1.0579,  0.0938, -6.2158, 1.0000)>
MESH
Bags
<Matrix 4x4 (1.0000, 0.0000,  0.0000, 0.0000)
            (0.0000, 1.0000, -0.0000, 0.0000)
            (0.0000, 0.0000,  1.0000, 0.0000)
            (0.9463, 0.0000,  1.9406, 1.0000)>
MESH
Bags.001
<Matrix 4x4 ( 1.5171,  0.0000,  0.7708, 0.0000)
            ( 0.0000,  1.7017, -0.0000, 0.0000)
            (-0.7708,  0.0000,  1.5171, 0.0000)
            ( 0.9769, -0.0000,  2.2125, 1.0000)>
MESH
Bags.002
<Matrix 4x4 ( 0.6888, 0.0000,  1.5561, 0.0000)
            ( 0.0000, 1.7017, -0.0000, 0.0000)
            (-1.5561, 0.0000,  0.6888, 0.0000)
            ( 0.9621, 0.0000,  2.6789, 1.0000)>
MESH
Bags.003
<Matrix 4x4 ( 0.9809,  0.0000, -0.1944, 0.0000)
            (-0.0000,  1.0000, -0.0000, 0.0000)
            ( 0.1944,  0.0000,  0.9809, 0.0000)
            ( 3.5424, -0.0000,  3.5058, 1.0000)>
MESH
Bags.004
<Matrix 4x4 ( 1.6380,  0.0000,  0.4612, 0.0000)
            ( 0.0000,  1.7017, -0.0000, 0.0000)
            (-0.4612,  0.0000,  1.6380, 0.0000)
            ( 3.6253, -0.0000,  3.7667, 1.0000)>
MESH
Bags.005
<Matrix 4x4 ( 0.9781,  0.0000,  1.3925, 0.0000)
            ( 0.0000,  1.7017, -0.0000, 0.0000)
            (-1.3925,  0.0000,  0.9781, 0.0000)
            ( 3.7015, -0.0000,  4.2270, 1.0000)>
MESH
Bags.006
<Matrix 4x4 ( 0.9838,  0.0000,  0.1791, 0.0000)
            ( 0.0000,  1.0000, -0.0000, 0.0000)
            (-0.1791,  0.0000,  0.9838, 0.0000)
            ( 3.2936, -0.0000,  3.7793, 1.0000)>
MESH
Bags.007
<Matrix 4x4 ( 1.3546,  0.0000,  1.0300, 0.0000)
            ( 0.0000,  1.7017, -0.0000, 0.0000)
            (-1.0300,  0.0000,  1.3546, 0.0000)
            ( 3.2750, -0.0000,  4.0523, 1.0000)>
MESH
Bags.008
<Matrix 4x4 ( 0.3990,  0.0000,  1.6543, 0.0000)
            ( 0.0000,  1.7017, -0.0000, 0.0000)
            (-1.6543,  0.0000,  0.3990, 0.0000)
            ( 3.1770, -0.0000,  4.5084, 1.0000)>
MESH
House_2
<Matrix 4x4 ( 0.0721, 0.0000, -0.9974, 0.0000)
            (-0.0000, 1.0000, -0.0000, 0.0000)
            ( 0.9974, 0.0000,  0.0721, 0.0000)
            (-5.3259, 0.0000, -1.1570, 1.0000)>
MESH
Cart
<Matrix 4x4 (-0.7370, 0.0000,  0.6759, 0.0000)
            ( 0.0000, 1.0000,  0.0000, 0.0000)
            (-0.6759, 0.0000, -0.7370, 0.0000)
            ( 2.8856, 0.0000, -2.3597, 1.0000)>
MESH
Fence.003
<Matrix 4x4 ( 0.9997, 0.0000,  0.0236, 0.0000)
            ( 0.0000, 1.0000, -0.0000, 0.0000)
            (-0.0236, 0.0000,  0.9997, 0.0000)
            (-0.1769, 0.0000, -7.1481, 1.0000)>
MESH
Fence.004
<Matrix 4x4 ( 0.9914,  0.0000,  0.1309, 0.0000)
            ( 0.0000,  1.0000, -0.0000, 0.0000)
            (-0.1309,  0.0000,  0.9914, 0.0000)
            ( 0.6977, -0.0000, -7.0287, 1.0000)>
MESH
Mill
<Matrix 4x4 (-0.0087,  0.0000, -1.0000, 0.0000)
            (-0.0000,  1.0000,  0.0000, 0.0000)
            ( 1.0000,  0.0000, -0.0087, 0.0000)
            (-2.1295, -0.0000,  5.0726, 1.0000)>
MESH
Inn
<Matrix 4x4 ( 0.8446,  0.0000, -0.5354, 0.0000)
            (-0.0000,  1.0000, -0.0000, 0.0000)
            ( 0.5354,  0.0000,  0.8446, 0.0000)
            ( 4.0344, -0.0000, -4.7277, 1.0000)>
MESH
Crate
<Matrix 4x4 (1.4703, 0.0000,  0.0000, 0.0000)
            (0.0000, 1.4703, -0.0000, 0.0000)
            (0.0000, 0.0000,  1.4703, 0.0000)
            (3.9384, 0.0000, -2.2019, 1.0000)>
MESH
Crate.001
<Matrix 4x4 (1.4703, 0.0000,  0.0000, 0.0000)
            (0.0000, 1.4703, -0.0000, 0.0000)
            (0.0000, 0.0000,  1.4703, 0.0000)
            (4.2151, 0.0000, -2.3278, 1.0000)>
MESH
Crate.002
<Matrix 4x4 ( 1.2546, 0.0000, -0.7667, 0.0000)
            (-0.0000, 1.4703, -0.0000, 0.0000)
            ( 0.7667, 0.0000,  1.2546, 0.0000)
            ( 4.5201, 0.0000, -2.4987, 1.0000)>
MESH
Well
<Matrix 4x4 ( 0.0945, 0.0000,  0.9955, 0.0000)
            ( 0.0000, 1.0000, -0.0000, 0.0000)
            (-0.9955, 0.0000,  0.0945, 0.0000)
            ( 1.4433, 0.2425, -0.3944, 1.0000)>
MESH
ground
<Matrix 4x4 (-1.0000, 0.0000, -0.0000, 0.0000)
            (-0.0000, 1.0000,  0.0000, 0.0000)
            ( 0.0000, 0.0000, -1.0000, 0.0000)
            ( 0.0000, 0.0000,  0.0000, 1.0000)>
